% Element matrix from Maple (aspect ratio a = 1.5)

A = [0.139589285714285715e1 -0.130267857142857144e0 -0.119732142857142857e0 -0.114589285714285715e1 0.720892857142857145e0 0.740178571428571436e-1 0.175982142857142857e0 -0.470892857142857144e0 0.126255952380952381e1 0.306547619047619009e-2 0.311398809523809524e0 0.954226190476190479e0 0.400059523809523811e0 -0.593154761904761906e-1 -0.180148809523809524e0 0.279226190476190477e0; -0.130267857142857144e0 0.139589285714285715e1 -0.114589285714285715e1 -0.119732142857142857e0 -0.740178571428571436e-1 -0.720892857142857145e0 0.470892857142857144e0 -0.175982142857142857e0 0.306547619047619009e-2 0.126255952380952381e1 0.954226190476190479e0 0.311398809523809524e0 0.593154761904761905e-1 -0.400059523809523811e0 -0.279226190476190477e0 0.180148809523809524e0; -0.119732142857142857e0 -0.114589285714285715e1 0.139589285714285715e1 -0.130267857142857144e0 -0.175982142857142857e0 0.470892857142857144e0 -0.720892857142857145e0 -0.740178571428571436e-1 -0.311398809523809524e0 -0.954226190476190479e0 -0.126255952380952381e1 -0.306547619047619009e-2 -0.180148809523809524e0 0.279226190476190477e0 0.400059523809523811e0 -0.593154761904761905e-1; -0.114589285714285715e1 -0.119732142857142857e0 -0.130267857142857144e0 0.139589285714285715e1 -0.470892857142857144e0 0.175982142857142857e0 0.740178571428571436e-1 0.720892857142857145e0 -0.954226190476190479e0 -0.311398809523809524e0 -0.306547619047619009e-2 -0.126255952380952381e1 -0.279226190476190477e0 0.180148809523809524e0 0.593154761904761906e-1 -0.400059523809523811e0; 0.720892857142857145e0 -0.740178571428571436e-1 -0.175982142857142857e0 -0.470892857142857144e0 0.464047619047619049e0 0.214880952380952384e-1 0.145178571428571429e0 -0.130714285714285715e0 0.775059523809523812e0 0.593154761904761905e-1 0.180148809523809524e0 0.279226190476190477e0 0.286269841269841271e0 -0.674007936507936508e-1 -0.979563492063492065e-1 0.751587301587301588e-1; 0.740178571428571436e-1 -0.720892857142857145e0 0.470892857142857144e0 0.175982142857142857e0 0.214880952380952384e-1 0.464047619047619049e0 -0.130714285714285715e0 0.145178571428571429e0 -0.593154761904761905e-1 -0.775059523809523812e0 -0.279226190476190477e0 -0.180148809523809524e0 -0.674007936507936508e-1 0.286269841269841271e0 0.751587301587301588e-1 -0.979563492063492065e-1; 0.175982142857142857e0 0.470892857142857144e0 -0.720892857142857145e0 0.740178571428571436e-1 0.145178571428571429e0 -0.130714285714285715e0 0.464047619047619049e0 0.214880952380952384e-1 0.180148809523809524e0 0.279226190476190477e0 0.775059523809523812e0 0.593154761904761905e-1 0.979563492063492065e-1 -0.751587301587301588e-1 -0.286269841269841271e0 0.674007936507936508e-1; -0.470892857142857144e0 -0.175982142857142857e0 -0.740178571428571436e-1 0.720892857142857145e0 -0.130714285714285715e0 0.145178571428571429e0 0.214880952380952384e-1 0.464047619047619049e0 -0.279226190476190477e0 -0.180148809523809524e0 -0.593154761904761905e-1 -0.775059523809523812e0 -0.751587301587301588e-1 0.979563492063492065e-1 0.674007936507936508e-1 -0.286269841269841271e0; 0.126255952380952381e1 0.306547619047619009e-2 -0.311398809523809524e0 -0.954226190476190479e0 0.775059523809523812e0 -0.593154761904761905e-1 0.180148809523809524e0 -0.279226190476190477e0 0.139261904761904762e1 0.294880952380952381e0 0.261250000000000001e0 0.582500000000000001e0 0.492619047619047619e0 -0.169880952380952380e0 -0.123750000000000000e0 0.132500000000000000e0; 0.306547619047619009e-2 0.126255952380952381e1 -0.954226190476190479e0 -0.311398809523809524e0 0.593154761904761905e-1 -0.775059523809523812e0 0.279226190476190477e0 -0.180148809523809524e0 0.294880952380952381e0 0.139261904761904762e1 0.582500000000000001e0 0.261250000000000001e0 0.169880952380952380e0 -0.492619047619047619e0 -0.132500000000000000e0 0.123750000000000000e0; 0.311398809523809524e0 0.954226190476190479e0 -0.126255952380952381e1 -0.306547619047619009e-2 0.180148809523809524e0 -0.279226190476190477e0 0.775059523809523812e0 -0.593154761904761905e-1 0.261250000000000001e0 0.582500000000000001e0 0.139261904761904762e1 0.294880952380952381e0 0.123750000000000000e0 -0.132500000000000000e0 -0.492619047619047619e0 0.169880952380952380e0; 0.954226190476190479e0 0.311398809523809524e0 -0.306547619047619009e-2 -0.126255952380952381e1 0.279226190476190477e0 -0.180148809523809524e0 0.593154761904761905e-1 -0.775059523809523812e0 0.582500000000000001e0 0.261250000000000001e0 0.294880952380952381e0 0.139261904761904762e1 0.132500000000000000e0 -0.123750000000000000e0 -0.169880952380952380e0 0.492619047619047619e0; 0.400059523809523811e0 0.593154761904761905e-1 -0.180148809523809524e0 -0.279226190476190477e0 0.286269841269841271e0 -0.674007936507936508e-1 0.979563492063492065e-1 -0.751587301587301588e-1 0.492619047619047619e0 0.169880952380952380e0 0.123750000000000000e0 0.132500000000000000e0 0.207301587301587302e0 -0.970634920634920635e-1 -0.544047619047619048e-1 0.319047619047619047e-1; -0.593154761904761906e-1 -0.400059523809523811e0 0.279226190476190477e0 0.180148809523809524e0 -0.674007936507936508e-1 0.286269841269841271e0 -0.751587301587301588e-1 0.979563492063492065e-1 -0.169880952380952380e0 -0.492619047619047619e0 -0.132500000000000000e0 -0.123750000000000000e0 -0.970634920634920635e-1 0.207301587301587302e0 0.319047619047619047e-1 -0.544047619047619048e-1; -0.180148809523809524e0 -0.279226190476190477e0 0.400059523809523811e0 0.593154761904761906e-1 -0.979563492063492065e-1 0.751587301587301588e-1 -0.286269841269841271e0 0.674007936507936508e-1 -0.123750000000000000e0 -0.132500000000000000e0 -0.492619047619047619e0 -0.169880952380952380e0 -0.544047619047619048e-1 0.319047619047619047e-1 0.207301587301587302e0 -0.970634920634920635e-1; 0.279226190476190477e0 0.180148809523809524e0 -0.593154761904761905e-1 -0.400059523809523811e0 0.751587301587301588e-1 -0.979563492063492065e-1 0.674007936507936508e-1 -0.286269841269841271e0 0.132500000000000000e0 0.123750000000000000e0 0.169880952380952380e0 0.492619047619047619e0 0.319047619047619047e-1 -0.544047619047619048e-1 -0.970634920634920635e-1 0.207301587301587302e0;];
