% Element matrix from Maple (aspect ratio a = 2.5)

A = [0.491410714285714286e1 0.945267857142857143e0 -0.109526785714285714e1 -0.476410714285714286e1 0.178910714285714286e1 -0.539017857142857142e0 0.689017857142857142e0 -0.163910714285714286e1 0.483410714285714286e1 0.102526785714285714e1 0.145026785714285714e1 0.440910714285714286e1 0.139660714285714286e1 -0.619017857142857143e0 -0.731517857142857143e0 0.128410714285714286e1; 0.945267857142857143e0 0.491410714285714286e1 -0.476410714285714286e1 -0.109526785714285714e1 0.539017857142857142e0 -0.178910714285714286e1 0.163910714285714286e1 -0.689017857142857142e0 0.102526785714285714e1 0.483410714285714286e1 0.440910714285714286e1 0.145026785714285714e1 0.619017857142857142e0 -0.139660714285714286e1 -0.128410714285714286e1 0.731517857142857142e0; -0.109526785714285714e1 -0.476410714285714286e1 0.491410714285714286e1 0.945267857142857143e0 -0.689017857142857142e0 0.163910714285714286e1 -0.178910714285714286e1 0.539017857142857142e0 -0.145026785714285714e1 -0.440910714285714286e1 -0.483410714285714286e1 -0.102526785714285714e1 -0.731517857142857142e0 0.128410714285714286e1 0.139660714285714286e1 -0.619017857142857142e0; -0.476410714285714286e1 -0.109526785714285714e1 0.945267857142857143e0 0.491410714285714286e1 -0.163910714285714286e1 0.689017857142857142e0 -0.539017857142857142e0 0.178910714285714286e1 -0.440910714285714286e1 -0.145026785714285714e1 -0.102526785714285714e1 -0.483410714285714286e1 -0.128410714285714286e1 0.731517857142857143e0 0.619017857142857143e0 -0.139660714285714286e1; 0.178910714285714286e1 0.539017857142857142e0 -0.689017857142857142e0 -0.163910714285714286e1 0.795000000000000000e0 -0.310535714285714285e0 0.410535714285714285e0 -0.595000000000000000e0 0.202160714285714286e1 0.619017857142857142e0 0.731517857142857142e0 0.128410714285714286e1 0.688333333333333333e0 -0.363869047619047619e0 -0.355535714285714285e0 0.455000000000000000e0; -0.539017857142857142e0 -0.178910714285714286e1 0.163910714285714286e1 0.689017857142857142e0 -0.310535714285714285e0 0.795000000000000000e0 -0.595000000000000000e0 0.410535714285714285e0 -0.619017857142857142e0 -0.202160714285714286e1 -0.128410714285714286e1 -0.731517857142857142e0 -0.363869047619047619e0 0.688333333333333333e0 0.455000000000000000e0 -0.355535714285714285e0; 0.689017857142857142e0 0.163910714285714286e1 -0.178910714285714286e1 -0.539017857142857142e0 0.410535714285714285e0 -0.595000000000000000e0 0.795000000000000000e0 -0.310535714285714285e0 0.731517857142857142e0 0.128410714285714286e1 0.202160714285714286e1 0.619017857142857142e0 0.355535714285714285e0 -0.455000000000000000e0 -0.688333333333333333e0 0.363869047619047619e0; -0.163910714285714286e1 -0.689017857142857142e0 0.539017857142857142e0 0.178910714285714286e1 -0.595000000000000000e0 0.410535714285714285e0 -0.310535714285714285e0 0.795000000000000000e0 -0.128410714285714286e1 -0.731517857142857142e0 -0.619017857142857142e0 -0.202160714285714286e1 -0.455000000000000000e0 0.355535714285714285e0 0.363869047619047619e0 -0.688333333333333333e0; 0.483410714285714286e1 0.102526785714285714e1 -0.145026785714285714e1 -0.440910714285714286e1 0.202160714285714286e1 -0.619017857142857142e0 0.731517857142857142e0 -0.128410714285714286e1 0.601500000000000000e1 0.179750000000000000e1 0.106303571428571429e1 0.284321428571428571e1 0.184833333333333333e1 -0.922499999999999999e0 -0.500535714285714285e0 0.759880952380952381e0; 0.102526785714285714e1 0.483410714285714286e1 -0.440910714285714286e1 -0.145026785714285714e1 0.619017857142857142e0 -0.202160714285714286e1 0.128410714285714286e1 -0.731517857142857142e0 0.179750000000000000e1 0.601500000000000000e1 0.284321428571428571e1 0.106303571428571429e1 0.922499999999999999e0 -0.184833333333333333e1 -0.759880952380952381e0 0.500535714285714285e0; 0.145026785714285714e1 0.440910714285714286e1 -0.483410714285714286e1 -0.102526785714285714e1 0.731517857142857142e0 -0.128410714285714286e1 0.202160714285714286e1 -0.619017857142857142e0 0.106303571428571429e1 0.284321428571428571e1 0.601500000000000000e1 0.179750000000000000e1 0.500535714285714285e0 -0.759880952380952381e0 -0.184833333333333333e1 0.922499999999999999e0; 0.440910714285714286e1 0.145026785714285714e1 -0.102526785714285714e1 -0.483410714285714286e1 0.128410714285714286e1 -0.731517857142857142e0 0.619017857142857142e0 -0.202160714285714286e1 0.284321428571428571e1 0.106303571428571429e1 0.179750000000000000e1 0.601500000000000000e1 0.759880952380952381e0 -0.500535714285714285e0 -0.922499999999999999e0 0.184833333333333333e1; 0.139660714285714286e1 0.619017857142857142e0 -0.731517857142857142e0 -0.128410714285714286e1 0.688333333333333333e0 -0.363869047619047619e0 0.355535714285714285e0 -0.455000000000000000e0 0.184833333333333333e1 0.922499999999999999e0 0.500535714285714285e0 0.759880952380952381e0 0.699365079365079367e0 -0.461031746031746031e0 -0.223373015873015873e0 0.263968253968253968e0; -0.619017857142857143e0 -0.139660714285714286e1 0.128410714285714286e1 0.731517857142857143e0 -0.363869047619047619e0 0.688333333333333333e0 -0.455000000000000000e0 0.355535714285714285e0 -0.922499999999999999e0 -0.184833333333333333e1 -0.759880952380952381e0 -0.500535714285714285e0 -0.461031746031746031e0 0.699365079365079367e0 0.263968253968253968e0 -0.223373015873015873e0; -0.731517857142857143e0 -0.128410714285714286e1 0.139660714285714286e1 0.619017857142857143e0 -0.355535714285714285e0 0.455000000000000000e0 -0.688333333333333333e0 0.363869047619047619e0 -0.500535714285714285e0 -0.759880952380952381e0 -0.184833333333333333e1 -0.922499999999999999e0 -0.223373015873015873e0 0.263968253968253968e0 0.699365079365079367e0 -0.461031746031746031e0; 0.128410714285714286e1 0.731517857142857142e0 -0.619017857142857142e0 -0.139660714285714286e1 0.455000000000000000e0 -0.355535714285714285e0 0.363869047619047619e0 -0.688333333333333333e0 0.759880952380952381e0 0.500535714285714285e0 0.922499999999999999e0 0.184833333333333333e1 0.263968253968253968e0 -0.223373015873015873e0 -0.461031746031746031e0 0.699365079365079367e0;];
