0 0 703.158673350629
0 1 2.30365700320704
0 2 6.84769285647876
0 3 22.9600991184752
0 4 -219.952994738242
0 5 170.852615341902
0 6 11.0190730789659
0 7 -11.2190917728054
0 12 -142.639274576436
0 13 31.0162297760302
0 14 96.4909725477306
0 15 -22.9494479421302
0 16 -2.68066760026235
0 17 18.4889412094203
0 18 13.6259465558938
0 19 -12.7485344627622
1 0 2.30365700320706
1 1 524.499040624948
1 2 -23.3131002272341
1 3 1.56706497065272
1 4 -163.741400688106
1 5 96.1627246207473
1 6 11.0722101924414
1 7 -8.22663796561471
1 12 -16.9837700720374
1 13 23.7207641532543
1 14 13.7913478974858
1 15 -19.2389510715457
1 16 -18.0726408354766
1 17 16.2312260121876
1 18 12.3732451747698
1 19 -8.20583972541295
2 0 6.84769285647879
2 1 -23.3131002272342
2 2 385.758830970021
2 3 -8.5998348864409
2 4 -12.1729787749213
2 5 11.0194643900794
2 6 -11.8814732741526
2 7 3.16049237691725
2 12 -95.1545040435906
2 13 21.1478667711654
2 14 49.0532666987118
2 15 -13.5712295993941
2 16 -15.3787540399845
2 17 13.0985399460364
2 18 13.5113793594093
2 19 -7.86469106045618
3 0 22.9600991184752
3 1 1.56706497065271
3 2 -8.5998348864409
3 3 104.087620643307
3 4 -10.8403022896134
3 5 7.66306286340526
3 6 -2.27109280343578
3 7 -2.39149893624012
3 12 -12.1147393663405
3 13 18.7103194600413
3 14 8.64234344354171
3 15 -14.5858949637607
3 16 -12.6989274638813
3 17 8.08131597949818
3 18 7.57776872968418
3 19 -3.71870194595827
4 0 -219.952994738242
4 1 -163.741400688106
4 2 -12.1729787749213
4 3 -10.8403022896134
4 4 664.274579766876
4 5 5.09515452323109
4 6 5.42597946976953
4 7 21.0469749098163
4 8 -237.93499387783
4 9 191.145650416007
4 10 8.86310403373938
4 11 -10.2954197248346
4 12 -2.68066778369743
4 13 -42.0726410232165
4 14 34.5005689130146
4 15 29.6418708735854
4 16 -97.9378113751046
4 17 29.5735226791779
4 18 62.2027084093778
4 19 -19.9895776062623
4 20 -5.73931977113094
4 21 20.3132293760445
4 22 13.44645501232
4 23 -13.0793745474563
5 0 170.852615341902
5 1 96.1627246207473
5 2 11.0194643900794
5 3 7.66306286340526
5 4 5.09515452323106
5 5 558.389725287996
5 6 -21.2928853171977
5 7 1.3360912674696
5 8 -184.212901565391
5 9 110.735160051545
5 10 10.1887314836843
5 11 -7.89521466954819
5 12 42.4889412709299
5 13 40.2312260283005
5 14 -30.3106244510934
5 15 -20.053473815582
5 16 -18.4264771823308
5 17 39.0342791632186
5 18 13.210911864348
5 19 -26.9148908153321
5 20 -19.8031700630553
5 21 16.8970930123077
5 22 12.6885189585872
5 23 -8.42509566169584
6 0 11.0190730789659
6 1 11.0722101924414
6 2 -11.8814732741526
6 3 -2.27109280343578
6 4 5.42597946976957
6 5 -21.2928853171977
6 6 306.196690149593
6 7 -5.44820010212493
6 8 -10.116029410633
6 9 10.2160384491542
6 10 -20.8676058823612
6 11 9.54740374593133
6 12 -29.95813736001
6 13 -28.5607239823765
6 14 31.2517006654309
6 15 17.7482128376968
6 16 -61.5595919193811
6 17 18.7488978195521
6 18 29.0093235508373
6 19 -11.3530878261051
6 20 -14.84007889156
6 21 13.2727987020959
6 22 12.5985330531052
6 23 -7.79011752495889
7 0 -11.2190917728054
7 1 -8.22663796561471
7 2 3.16049237691725
7 3 -2.39149893624013
7 4 21.0469749098163
7 5 1.3360912674696
7 6 -5.44820010212494
7 7 97.7939249437298
7 8 -10.081393843958
7 9 7.43361328917307
7 10 -8.66299862017723
7 11 1.63157482822724
7 12 29.1652995946536
7 13 20.1569498696463
7 14 -18.2845361493327
7 15 -9.28211025688595
7 16 -12.0410655776677
7 17 26.3829461433082
7 18 7.85175185702018
7 19 -18.0216672867217
7 20 -12.8649094589275
7 21 8.24377676649007
7 22 7.51495140401753
7 23 -3.82203324124813
8 4 -237.93499387783
8 5 -184.212901565391
8 6 -10.116029410633
8 7 -10.081393843958
8 8 647.495172412897
8 9 6.86299531246311
8 10 4.43805589505709
8 11 19.6262235207001
8 16 -5.73931981765793
8 17 -43.8031701693567
8 18 30.5291282475858
8 19 28.4788704755691
8 20 -64.6493182623235
8 21 28.6594232660496
8 22 38.0829256908197
8 23 -17.955940196092
9 4 191.145650416007
9 5 110.735160051545
9 6 10.2160384491542
9 7 7.43361328917306
9 8 6.86299531246311
9 9 595.602512535044
9 10 -19.8050552649427
9 11 1.16491148060894
9 16 44.3132294227888
9 17 40.8970930234889
9 18 -29.086944109608
9 19 -19.7679012250883
9 20 -19.3405769172614
9 21 52.6262838953952
9 22 12.6266032489456
9 23 -33.4771762818552
10 4 8.86310403373938
10 5 10.1887314836843
10 6 -20.8676058823612
10 7 -8.66299862017723
10 8 4.43805589505709
10 9 -19.8050552649428
10 10 253.080656395748
10 11 -3.50962519026051
10 16 -26.7710655545683
10 17 -27.6942405374028
10 18 27.1162621504539
10 19 16.4290825479574
10 20 -37.8739598612129
10 21 17.1254246122906
10 22 15.2981267935784
10 23 -9.81482611835237
11 4 -10.2954197248346
11 5 -7.89521466954819
11 6 9.54740374593133
11 7 1.63157482822724
11 8 19.6262235207001
11 9 1.16491148060895
11 10 -3.50962519026051
11 11 94.6487773905177
11 16 28.2538405464446
11 17 19.9668251836945
11 18 -16.8888516807003
11 19 -8.95641246074988
11 20 -11.8360967258467
11 21 32.9559847290404
11 22 7.16514912338968
11 23 -20.8831326674818
12 0 -142.639274576436
12 1 -16.9837700720374
12 2 -95.1545040435906
12 3 -12.1147393663405
12 12 746.106674595373
12 13 1.27759408118905
12 14 14.087642354141
12 15 46.8581526180765
12 4 -2.68066778369743
12 5 42.4889412709299
12 6 -29.95813736001
12 7 29.1652995946536
12 16 -227.922534917034
12 17 171.31815825007
12 18 23.1619397493783
12 19 -22.9004452491241
12 24 -171.467403846019
12 25 47.706176585479
12 26 113.132942416435
12 27 -36.1243889564017
12 28 2.60320477331879
12 29 10.1928980405957
12 30 7.84035152522449
12 31 -7.58886201277502
13 0 31.0162297760302
13 1 23.7207641532543
13 2 21.1478667711654
13 3 18.7103194600413
13 12 1.27759408118905
13 13 536.736111912682
13 14 -47.5877743790313
13 15 3.17332223378506
13 4 -42.0726410232165
13 5 40.2312260283005
13 6 -28.5607239823765
13 7 20.1569498696463
13 16 -164.039103514479
13 17 94.2670194832375
13 18 22.591228982476
13 19 -16.6086685531871
13 24 -32.2938231662845
13 25 15.543120644589
13 26 26.0086964766864
13 27 -16.9140216913953
13 28 -9.88825397216889
13 29 9.50175259873626
13 30 7.31107033298402
13 31 -4.67061923252934
14 0 96.4909725477306
14 1 13.7913478974858
14 2 49.0532666987118
14 3 8.64234344354171
14 12 14.087642354141
14 13 -47.5877743790313
14 14 422.236884524017
14 15 -9.57943071512302
14 4 34.5005689130146
14 5 -30.3106244510934
14 6 31.2517006654309
14 7 -18.2845361493327
14 16 -25.3531334787964
14 17 22.4439157429738
14 18 -12.8384610996275
14 19 2.0978013776659
14 24 -110.578614396788
14 25 33.7964267337331
14 26 56.3430114935162
14 27 -22.0064754864208
14 28 -9.14743567456917
14 29 7.86670846717605
14 30 8.8568961947546
14 31 -4.8290044315324
15 0 -22.9494479421302
15 1 -19.2389510715457
15 2 -13.5712295993941
15 3 -14.5858949637607
15 12 46.8581526180765
15 13 3.17332223378507
15 14 -9.57943071512302
15 15 111.263828549091
15 4 29.6418708735854
15 5 -20.053473815582
15 6 17.7482128376968
15 7 -9.28211025688595
15 16 -22.0710865697469
15 17 15.4546260035759
15 18 -1.15482341828615
15 19 -3.83015507334266
15 24 -23.9087049809918
15 25 16.0656287812817
15 26 16.5990865070332
15 27 -14.4461374782425
15 28 -7.57078406141368
15 29 4.59884751300919
15 30 4.61261060016853
15 31 -1.96446343989478
16 0 -2.68066760026235
16 1 -18.0726408354766
16 2 -15.3787540399845
16 3 -12.6989274638813
16 4 -97.9378113751046
16 5 -18.4264771823308
16 6 -61.5595919193811
16 7 -12.0410655776677
16 12 -227.922534917034
16 13 -164.039103514479
16 14 -25.3531334787964
16 15 -22.0710865697469
16 16 699.50611431802
16 17 4.35695358300543
16 18 11.1375710709723
16 19 42.8552739454982
16 8 -5.73931981765793
16 9 44.3132294227888
16 10 -26.7710655545683
16 11 28.2538405464446
16 20 -245.629325532315
16 21 191.797531415137
16 22 18.6413176986646
16 23 -20.9663059002003
16 24 2.60320445813088
16 25 -49.8882542870612
16 26 42.8415260757193
16 27 36.5302348821414
16 28 -121.568307153275
16 29 46.0695242746532
16 30 74.6501498902311
16 31 -31.806920525511
16 32 -0.631352380502132
16 33 11.8892362163132
16 34 8.46284107355294
16 35 -8.18209693055574
17 0 18.4889412094203
17 1 16.2312260121876
17 2 13.0985399460364
17 3 8.08131597949818
17 4 29.5735226791779
17 5 39.0342791632186
17 6 18.7488978195521
17 7 26.3829461433082
17 12 171.31815825007
17 13 94.2670194832375
17 14 22.4439157429738
17 15 15.4546260035759
17 16 4.35695358300546
17 17 569.05760213354
17 18 -43.3625653936882
17 19 2.70067531492079
17 8 -43.8031701693567
17 9 40.8970930234889
17 10 -27.6942405374028
17 11 19.9668251836945
17 20 -184.723864863791
17 21 109.132178826555
17 22 20.7415248014616
17 23 -15.9165655560259
17 24 50.1928981452371
17 25 49.5017526251268
17 26 -37.3000879079369
17 27 -24.8002265998936
17 28 -33.930475497907
17 29 31.9081151140337
17 30 24.3900153142936
17 31 -25.0770463661672
17 32 -11.4729633358565
17 33 9.97072589374042
17 34 7.86591525819802
17 35 -4.92011166065404
18 0 13.6259465558938
18 1 12.3732451747698
18 2 13.5113793594093
18 3 7.57776872968418
18 4 62.2027084093778
18 5 13.210911864348
18 6 29.0093235508373
18 7 7.85175185702019
18 12 23.1619397493783
18 13 22.591228982476
18 14 -12.8384610996275
18 15 -1.15482341828615
18 16 11.1375710709723
18 17 -43.3625653936883
18 18 334.517289341917
18 19 -6.11922289682093
18 8 30.5291282475858
18 9 -29.086944109608
18 10 27.1162621504539
18 11 -16.8888516807003
18 20 -21.0608205399906
18 21 20.7651671054498
18 22 -22.3732572336649
18 23 8.89777885907805
18 24 -36.7878865114167
18 25 -34.9644741952429
18 26 40.1999063287475
18 27 22.2610929388309
18 28 -73.3402790910064
18 29 30.151653787324
18 30 34.0238384091125
18 31 -18.5473930176769
18 32 -9.46830789079429
18 33 8.32177673828075
18 34 8.75513592324905
18 35 -5.07587264860856
19 0 -12.7485344627622
19 1 -8.20583972541295
19 2 -7.86469106045618
19 3 -3.71870194595827
19 4 -19.9895776062623
19 5 -26.9148908153321
19 6 -11.3530878261051
19 7 -18.0216672867217
19 12 -22.9004452491241
19 13 -16.6086685531871
19 14 2.0978013776659
19 15 -3.83015507334266
19 16 42.8552739454982
19 17 2.70067531492079
19 18 -6.11922289682092
19 19 103.798364459448
19 8 28.4788704755691
19 9 -19.7679012250883
19 10 16.4290825479574
19 11 -8.95641246074988
19 20 -20.4851079760952
19 21 14.9734482326363
19 22 -7.96481303040616
19 23 0.477691907659596
19 24 35.6489797508846
19 25 24.8145082689068
19 26 -22.9181201364296
19 27 -11.4733880357708
19 28 -22.865696644288
19 29 24.2142153624979
19 30 14.7424388637076
19 31 -18.0512928500532
19 32 -7.99376223342014
19 33 4.79445268594803
19 34 4.85257030460493
19 35 -2.16082688579956
20 4 -5.73931977113094
20 5 -19.8031700630553
20 6 -14.84007889156
20 7 -12.8649094589275
20 8 -64.6493182623235
20 9 -19.3405769172613
20 10 -37.8739598612129
20 11 -11.8360967258467
20 16 -245.629325532315
20 17 -184.723864863791
20 18 -21.0608205399907
20 19 -20.4851079760952
20 20 677.227142551826
20 21 6.30955803228721
20 22 9.09050627066591
20 23 39.8826042620861
20 28 -0.631352465790997
20 29 -51.4729635143478
20 30 37.1059282410284
20 31 34.6064082531756
20 32 -84.5778288505218
20 33 45.0310199002818
20 34 47.7003698962485
20 35 -28.7901843877523
21 4 20.3132293760445
21 5 16.8970930123077
21 6 13.2727987020959
21 7 8.24377676649007
21 8 28.6594232660496
21 9 52.6262838953952
21 10 17.1254246122906
21 11 32.9559847290404
21 16 191.797531415137
21 17 109.132178826555
21 18 20.7651671054498
21 19 14.9734482326363
21 20 6.30955803228719
21 21 605.069299798094
21 22 -40.2508212115949
21 23 2.35118662417144
21 28 51.889236295641
21 29 49.9707259116822
21 30 -35.2868066535938
21 31 -24.2032562237276
21 32 -34.9689804074282
21 33 46.3044108653227
21 34 23.0171541767501
21 35 -31.9768395783814
22 4 13.44645501232
22 5 12.6885189585872
22 6 12.5985330531052
22 7 7.51495140401753
22 8 38.0829256908197
22 9 12.6266032489456
22 10 15.2981267935784
22 11 7.16514912338968
22 16 18.6413176986646
22 17 20.7415248014616
22 18 -22.3732572336649
22 19 -7.96481303040616
22 20 9.09050627066594
22 21 -40.2508212115949
22 22 275.799683353976
22 23 -3.98953335819531
22 28 -32.087772866191
22 29 -33.4300437768402
22 30 34.4045772377038
22 31 20.2814406496136
22 32 -47.1734316729542
22 33 27.6242182249203
22 34 18.8188978931586
22 35 -16.1042107873031
23 4 -13.0793745474563
23 5 -8.42509566169584
23 6 -7.79011752495889
23 7 -3.82203324124813
23 8 -17.955940196092
23 9 -33.4771762818552
23 10 -9.81482611835237
23 11 -20.8831326674818
23 16 -20.9663059002003
23 17 -15.9165655560259
23 18 8.89777885907806
23 19 0.477691907659597
23 20 39.8826042620861
23 21 2.35118662417143
23 22 -3.9895333581953
23 23 99.8033384473131
23 28 34.0456804642689
23 29 24.3416612013499
23 30 -20.8308934593208
23 31 -10.9117571401957
23 32 -21.9266643710502
23 33 31.1259894450127
23 34 13.2548045411188
23 35 -21.014098444103
24 12 -171.467403846019
24 13 -32.2938231662845
24 14 -110.578614396788
24 15 -23.9087049809918
24 24 819.647961050704
24 25 -0.491559825428084
24 26 22.1121056520413
24 27 72.6321147822153
24 16 2.60320445813088
24 17 50.1928981452371
24 18 -36.7878865114167
24 19 35.6489797508846
24 28 -240.913557172013
24 29 171.950875281199
24 30 37.5523937835218
24 31 -35.5063224969059
25 12 47.706176585479
25 13 15.543120644589
25 14 33.796426733733
25 15 16.0656287812817
25 24 -0.491559825428169
25 25 557.32719064368
25 26 -73.7855964005458
25 27 4.85796346208217
25 16 -49.8882542870612
25 17 49.5017526251268
25 18 -34.9644741952429
25 19 24.8145082689068
25 28 -164.394457450534
25 29 91.0402793144973
25 30 35.0038653240646
25 31 -25.3014846759267
26 12 113.132942416435
26 13 26.0086964766864
26 14 56.3430114935162
26 15 16.5990865070332
26 24 22.1121056520413
26 25 -73.7855964005458
26 26 485.648685755896
26 27 -11.2908223847073
26 16 42.8415260757193
26 17 -37.3000879079369
26 18 40.1999063287475
26 19 -22.9181201364296
26 28 -40.5476398299391
26 29 34.6783406271145
26 30 -14.0447144988359
26 31 0.135732583268175
27 12 -36.1243889564017
27 13 -16.9140216913953
27 14 -22.0064754864208
27 15 -14.4461374782425
27 24 72.6321147822153
27 25 4.85796346208216
27 26 -11.2908223847073
27 27 123.485454675251
27 16 36.5302348821414
27 17 -24.8002265998936
27 18 22.2610929388309
27 19 -11.4733880357708
27 28 -34.0828344474905
27 29 23.5031893854916
27 30 0.893382203596904
27 31 -6.3175574810037
28 12 2.60320477331879
28 13 -9.88825397216889
28 14 -9.14743567456917
28 15 -7.57078406141368
28 16 -121.568307153275
28 17 -33.930475497907
28 18 -73.3402790910064
28 19 -22.865696644288
28 24 -240.913557172013
28 25 -164.394457450534
28 26 -40.5476398299391
28 27 -34.0828344474905
28 28 759.653399511487
28 29 3.08794194399914
28 30 17.4203871283756
28 31 66.1862211621553
28 20 -0.631352465790993
28 21 51.889236295641
28 22 -32.087772866191
28 23 34.0456804642689
28 32 -258.237341132163
28 33 192.778058040293
28 34 30.2497508668044
28 35 -32.388125381946
29 12 10.1928980405957
29 13 9.50175259873626
29 14 7.86670846717605
29 15 4.59884751300919
29 16 46.0695242746532
29 17 31.9081151140337
29 18 30.151653787324
29 19 24.2142153624979
29 24 171.950875281199
29 25 91.0402793144973
29 26 34.6783406271145
29 27 23.5031893854916
29 28 3.08794194399911
29 29 586.979858715671
29 30 -66.9858350175014
29 31 4.12224414664517
29 20 -51.4729635143478
29 21 49.9707259116822
29 22 -33.4300437768402
29 23 24.3416612013499
29 32 -185.471115440401
29 33 106.410756221651
29 34 32.0224421833389
29 35 -24.1901891885025
30 12 7.84035152522448
30 13 7.31107033298402
30 14 8.8568961947546
30 15 4.61261060016853
30 16 74.6501498902311
30 17 24.3900153142936
30 18 34.0238384091125
30 19 14.7424388637076
30 24 37.5523937835218
30 25 35.0038653240646
30 26 -14.0447144988359
30 27 0.893382203596905
30 28 17.4203871283756
30 29 -66.9858350175014
30 30 383.622369246022
30 31 -7.28916314254433
30 20 37.1059282410284
30 21 -35.2868066535938
30 22 34.4045772377038
30 23 -20.8308934593208
30 32 -33.6631348689296
30 33 31.9804757545004
30 34 -24.5948488260066
30 35 7.67381510010071
31 12 -7.58886201277502
31 13 -4.67061923252934
31 14 -4.8290044315324
31 15 -1.96446343989478
31 16 -31.806920525511
31 17 -25.0770463661672
31 18 -18.5473930176769
31 19 -18.0512928500532
31 24 -35.5063224969059
31 25 -25.3014846759267
31 26 0.135732583268176
31 27 -6.3175574810037
31 28 66.1862211621553
31 29 4.12224414664517
31 30 -7.28916314254431
31 31 113.995712698771
31 20 34.6064082531756
31 21 -24.2032562237276
31 22 20.2814406496136
31 23 -10.9117571401957
31 32 -31.5334622740789
31 33 22.7257261563559
31 34 -6.66203046406657
31 35 -1.51182927906432
32 16 -0.631352380502132
32 17 -11.4729633358565
32 18 -9.4683078907943
32 19 -7.99376223342015
32 20 -84.5778288505218
32 21 -34.9689804074282
32 22 -47.1734316729542
32 23 -21.9266643710502
32 28 -258.237341132163
32 29 -185.471115440401
32 30 -33.6631348689296
32 31 -31.5334622740789
32 32 727.852398091009
32 33 5.36077877210175
32 34 14.1717455493078
32 35 61.3992993897844
33 16 11.8892362163132
33 17 9.97072589374042
33 18 8.32177673828075
33 19 4.79445268594803
33 20 45.0310199002818
33 21 46.3044108653227
33 22 27.6242182249203
33 23 31.1259894450127
33 28 192.778058040293
33 29 106.410756221651
33 30 31.9804757545004
33 31 22.7257261563559
33 32 5.36077877210181
33 33 620.954094336391
33 34 -61.9780085543057
33 35 3.58018817350756
34 16 8.46284107355294
34 17 7.86591525819802
34 18 8.75513592324906
34 19 4.85257030460493
34 20 47.7003698962485
34 21 23.0171541767501
34 22 18.8188978931586
34 23 13.2548045411188
34 28 30.2497508668044
34 29 32.0224421833389
34 30 -24.5948488260066
34 31 -6.66203046406657
34 32 14.1717455493078
34 33 -61.9780085543058
34 34 315.094024546072
34 35 -4.82455864655714
35 16 -8.18209693055574
35 17 -4.92011166065404
35 18 -5.07587264860856
35 19 -2.16082688579956
35 20 -28.7901843877523
35 21 -31.9768395783814
35 22 -16.1042107873031
35 23 -21.014098444103
35 28 -32.388125381946
35 29 -24.1901891885025
35 30 7.67381510010072
35 31 -1.51182927906432
35 32 61.3992993897844
35 33 3.58018817350758
35 34 -4.82455864655716
35 35 108.536694665039
